0.0697435265
0.0819350757
0.0935597132
0.10532572
0.116345263
0.126703761
0.137332233
0.14814863
0.160575993
0.172404243
0.183357906
0.194085686
0.20544112
0.216432969
0.229095883
0.24249967
0.256687676
0.269143094
0.282202894
0.295896403
0.31025437
0.325309039
0.341094214
0.357645343
0.374999594
0.393195935
0.412275229
0.434333459
0.455408895
0.477506988
0.50067736
0.524972043
0.550445592
0.57715521
0.605160876
0.634525479
0.665314958
0.697598455
0.731448464
0.770583627
0.807975142
0.847181028
0.888289327
0.93139235
0.976586888
1.000000000
