#f_NL_local
-98.70
-67.50
-221.70
-91.50
-170.70
147.90
-243.90
26.70
-105.90
74.70
-174.30
-297.90
14.70
229.50
-17.10
77.10
269.70
-6.90
-51.90
222.90
48.30
-149.70
-216.90
243.90
178.50
-84.90
15.90
-118.50
120.90
-260.10
292.50
45.90
149.10
216.90
-99.30
-156.30
-158.10
86.70
54.90
174.90
-101.70
-150.30
26.10
171.30
-233.70
-213.90
185.10
251.70
-117.90
-214.50
-53.10
-259.50
-66.30
-162.30
223.50
70.50
150.90
107.10
-124.50
248.70
159.30
-96.90
-175.50
-78.90
-7.50
18.30
-5.10
286.50
-281.70
183.30
-293.10
-179.70
-90.90
-62.10
-250.50
111.30
-18.30
-87.90
238.50
-75.90
231.90
-140.10
68.70
234.30
57.30
142.50
-111.90
68.10
179.10
-66.90
106.50
227.10
-231.30
-11.70
-147.90
264.30
260.70
-141.90
-122.10
1.50
-231.90
-138.30
-254.70
-239.10
24.90
84.30
-74.10
-156.90
-115.50
-27.90
8.70
-260.70
275.70
-8.70
5.70
57.90
-47.70
-29.70
-86.70
-60.30
-27.30
-95.70
230.10
-137.70
-132.90
254.10
85.50
293.10
146.70
210.30
195.30
-110.10
263.70
297.30
141.30
67.50
-70.50
96.30
-252.30
256.50
3.90
55.50
32.10
-268.50
-207.90
74.10
51.90
-238.50
282.30
-230.70
-71.10
-206.70
226.50
-202.50
-47.10
287.10
173.10
114.90
97.50
-56.70
71.10
-54.30
78.90
170.10
-24.90
-167.70
20.70
-261.30
51.30
-195.30
139.50
50.70
113.70
264.90
-276.30
209.70
270.90
275.10
126.90
136.50
-33.90
42.30
-234.30
-283.50
230.70
242.70
-125.70
-206.10
95.70
83.10
87.90
78.30
-145.50
-107.10
202.50
-68.70
-86.10
237.90
122.10
143.10
-201.90
138.30
104.70
-142.50
-52.50
-186.90
252.30
-159.90
-31.50
-39.30
43.50
-146.10
-126.30
-2.10
-12.30
-140.70
258.30
208.50
-285.90
28.50
56.70
260.10
-38.70
-63.90
-270.90
132.90
182.10
-69.90
166.50
233.10
186.30
119.10
-297.30
-19.50
-166.50
164.10
140.70
59.70
-184.50
-60.90
184.50
-136.50
185.70
268.50
102.90
123.30
276.30
191.70
-221.10
33.30
-282.30
-77.70
-106.50
61.50
-14.10
-270.30
-296.10
-43.50
40.50
160.50
16.50
90.90
194.70
291.30
206.70
62.10
137.70
-266.70
218.70
76.50
245.70
-271.50
224.10
255.30
-249.90
-287.70
-20.70
22.50
63.90
197.10
-179.10
138.90
-284.70
290.70
-272.70
125.70
-205.50
39.30
-148.50
-147.30
163.50
228.30
-120.90
-245.10
-176.70
-85.50
53.70
86.10
250.50
225.90
-10.50
-153.90
-281.10
66.30
-99.90
-143.70
-93.30
150.30
102.30
96.90
187.50
-9.90
-164.70
186.90
41.10
141.90
-81.90
-155.10
194.10
-174.90
-216.30
-36.90
-8.10
217.50
-180.30
-203.10
-104.70
-212.10
-197.70
224.70
291.90
17.70
-20.10
152.10
-29.10
-100.50
120.30
88.50
-276.90
-41.70
137.10
-201.30
-247.50
-258.30
-266.10
207.30
-241.50
15.30
-219.30
134.70
30.30
69.90
221.70
-204.30
-185.10
-226.50
-3.30
128.70
278.10
299.10
298.50
201.90
-72.30
280.50
-57.90
105.30
29.70
135.30
-41.10
116.10
-232.50
21.30
-109.50
-108.90
-112.50
181.50
-45.90
-83.70
112.50
199.50
183.90
-105.30
255.90
47.10
66.90
211.50
-218.70
269.10
2.10
-233.10
-75.30
104.10
-222.90
-236.70
27.90
-187.50
-22.50
63.30
-64.50
121.50
266.70
-229.50
93.30
-210.30
-240.30
266.10
-189.90
-26.70
212.70
94.50
232.50
267.30
159.90
-79.50
-291.90
-225.90
-196.50
-132.30
-280.50
189.90
69.30
-170.10
-69.30
278.70
167.70
247.50
41.70
284.10
129.90
79.50
261.90
156.30
-89.10
-213.30
-220.50
19.50
2.70
31.50
-158.70
279.30
188.10
297.90
-149.10
-248.70
-35.10
-9.30
75.30
-177.30
-123.30
296.70
-208.50
-73.50
193.50
-255.90
0.30
209.10
-272.10
165.30
134.10
-228.90
72.30
-77.10
135.90
-293.70
253.50
-13.50
-92.70
143.70
34.50
-154.50
156.90
-83.10
-30.30
233.70
-224.70
-288.90
-215.10
-58.50
-114.30
167.10
90.30
-130.50
-18.90
12.90
235.50
-180.90
219.30
-273.30
-200.70
-101.10
294.30
-218.10
-246.30
-225.30
231.30
-274.50
-146.70
263.10
-289.50
-116.10
-103.50
-82.50
252.90
119.70
-81.30
-21.30
192.90
-290.10
-3.90
0.90
-17.70
64.50
-294.90
73.50
-294.30
-160.50
-94.50
4.50
-129.90
294.90
243.30
192.30
-113.10
-186.30
-191.70
83.70
-56.10
180.90
148.50
-54.90
23.70
-264.90
-199.50
-230.10
3.30
259.50
279.90
-153.30
-258.90
168.30
220.50
205.50
176.70
180.30
153.30
-5.70
-96.30
-157.50
9.90
169.50
-228.30
204.30
-171.90
-119.10
-165.90
204.90
-104.10
165.90
-198.90
172.50
-23.70
-14.70
37.50
-209.70
-150.90
249.90
-185.70
246.90
251.10
-11.10
-113.70
-163.50
108.90
36.30
-191.10
179.70
147.30
-36.30
91.50
-255.30
277.50
44.10
-203.70
227.70
-141.30
127.50
-193.50
-192.90
-4.50
-108.30
42.90
8.10
-40.50
276.90
-107.70
89.70
-25.50
-50.10
-126.90
261.30
-237.30
189.30
75.90
-182.70
111.90
293.70
52.50
-89.70
82.50
287.70
-125.10
262.50
89.10
-65.10
283.50
161.10
-275.70
-134.10
274.50
-68.10
-133.50
-102.90
-188.10
-16.50
-90.30
-227.10
-249.30
-178.50
101.10
154.50
-195.90
222.30
-48.90
105.90
200.70
-63.30
-273.90
288.30
87.30
-35.70
128.10
146.10
158.70
-33.30
-277.50
101.70
-30.90
145.50
-252.90
-237.90
-144.30
236.10
-295.50
-197.10
95.10
-143.10
210.90
-194.70
33.90
289.50
117.30
-267.90
11.70
-127.50
-253.50
-152.70
-155.70
30.90
234.90
273.30
-62.70
213.30
-245.70
-257.10
-198.30
290.10
-251.70
241.50
49.50
237.30
98.70
-72.90
239.10
281.70
109.50
-296.70
176.10
123.90
27.30
-37.50
108.30
24.30
-159.30
-204.90
38.10
195.90
-134.70
-98.10
-173.70
-161.70
-78.30
18.90
-210.90
201.30
218.10
-139.50
-61.50
-21.90
107.70
285.30
-46.50
-275.10
-28.50
132.30
-123.90
-177.90
-26.10
157.50
288.90
81.30
-265.50
56.10
-122.70
-235.50
151.50
-173.10
-287.10
284.70
-161.10
21.90
65.70
295.50
117.90
71.70
-279.90
177.90
-299.10
-84.30
17.10
-34.50
-24.30
-200.10
-131.70
-55.50
25.50
-6.30
130.50
174.30
-65.70
115.50
-239.70
240.30
-42.90
265.50
54.30
103.50
281.10
-128.10
198.90
-263.70
-152.10
-59.10
-71.70
245.10
-222.30
161.70
-138.90
140.10
162.90
125.10
175.50
-251.10
-288.30
-209.10
-189.30
-207.30
-92.10
-192.30
38.70
-244.50
60.30
-15.30
-128.70
240.90
114.30
197.70
177.30
206.10
-236.10
273.90
12.30
215.10
-93.90
171.90
133.50
296.10
-114.90
182.70
-151.50
32.70
113.10
-1.50
272.10
-39.90
272.70
203.10
-102.30
221.10
10.50
-49.50
164.70
-227.70
7.50
-240.90
203.70
-144.90
-131.10
72.90
-32.70
-168.30
81.90
214.50
149.70
-119.70
-269.70
-169.50
-292.50
-299.70
246.30
-116.70
242.10
228.90
-291.30
-224.10
-279.30
-242.10
216.30
-88.50
-211.50
282.90
249.30
39.90
-219.90
-183.90
239.70
-87.30
158.10
196.50
212.10
244.50
190.50
80.10
20.10
6.30
-223.50
-263.10
124.50
-12.90
-165.30
225.30
-50.70
153.90
198.30
219.90
-23.10
-32.10
267.90
270.30
59.10
-282.90
213.90
131.70
-117.30
-53.70
285.90
93.90
-284.10
50.10
-256.50
191.10
-234.90
47.70
-80.70
254.70
-194.10
-261.90
-121.50
200.10
45.30
-167.10
258.90
-217.50
-168.90
65.10
-254.10
-162.90
-246.90
299.70
100.50
207.90
-42.30
44.70
131.10
-190.50
-285.30
173.70
-262.50
-129.30
36.90
-269.10
152.70
116.70
110.70
-212.70
126.30
122.70
-51.30
-248.10
-95.10
62.70
48.90
144.90
-0.90
-48.30
14.10
271.50
98.10
92.70
46.50
-38.10
5.10
-286.50
-243.30
-278.70
257.70
155.10
23.10
6.90
110.10
-45.30
-164.10
92.10
13.50
-176.10
-111.30
236.70
-59.70
60.90
248.10
-74.70
-137.10
162.30
257.10
-182.10
35.10
-172.50
188.70
-135.90
-290.70
77.70
-183.30
-298.50
144.30
-120.30
-267.30
11.10
9.30
-15.90
99.30
-2.70
168.90
53.10
-110.70
-76.50
-44.10
-97.50
129.30
29.10
-264.30
-57.30
-44.70
170.70
155.70
118.50
-188.70
-135.30
215.70
-171.30
58.50
-278.10
84.90
-80.10
-257.70
80.70
-242.70
-181.50
-215.70
-0.30
99.90
35.70
